
# Test Comment Line

Name		= "Nature's Path"
BaseHealth	= 600
Money		= 1000
Interest	= 3

CameraPosX = 12
CameraPosY = 11
CameraZoom = 1.4

Width	= 15
Height	= 16
Map	[
	0, 0, 1, 0, 0, 1, 0, 0, 0, 0, 0, 0, 0, 0, 0,
	0, 0, 1, 0, 0, 1, 0, 0, 0, 0, 0, 0, 0, 0, 0,
	0, 0, 1, 0, 0, 1, 0, 0, 0, 0, 0, 0, 0, 0, 0,
	0, 0, 1, 0, 0, 1, 0, 0, 0, 0, 0, 0, 0, 0, 0,
	0, 0, 1, 0, 0, 1, 0, 0, 0, 0, 0, 0, 0, 0, 0,
	0, 0, 1, 0, 0, 1, 0, 0, 0, 0, 0, 0, 0, 0, 0,
	0, 0, 1, 0, 0, 1, 0, 0, 0, 0, 0, 0, 0, 0, 0,
	0, 0, 1, 0, 0, 1, 0, 0, 0, 0, 0, 0, 0, 0, 0,
	0, 0, 1, 0, 0, 1, 0, 0, 0, 0, 0, 0, 0, 0, 0,
	0, 0, 1, 0, 0, 1, 0, 0, 0, 0, 0, 0, 0, 0, 0,
	0, 0, 1, 0, 0, 1, 1, 1, 1, 1, 1, 1, 1, 1, 1,
	0, 0, 1, 0, 0, 0, 0, 0, 0, 0, 0, 1, 1, 1, 1,
	0, 0, 1, 0, 0, 0, 0, 0, 0, 0, 0, 1, 1, 1, 1,
	0, 0, 1, 1, 1, 1, 1, 1, 1, 1, 1, 1, 1, 1, 1,
	0, 0, 0, 0, 0, 0, 0, 0, 0, 0, 0, 0, 0, 0, 0,
	0, 0, 0, 0, 0, 0, 0, 0, 0, 0, 0, 0, 0, 0, 0
	]

Paths	= 2
Path1	[	2, -2,
		2, -1,
		2, 0,
		2, 1,
		2, 2,
		2, 3,
		2, 4,
		2, 5,
		2, 6,
		2, 7,
		2, 8,
		2, 9,
		2, 10,
		2, 11,
		2, 12,
		2, 13,
		3, 13,
		4, 13,
		5, 13,
		6, 13,
		7, 13,
		8, 13,
		9, 13,
		10, 13,
		11, 13,
		12, 13
	]
Path2	[	5, -2,
		5, -1,
		5, 0,
		5, 1,
		5, 2,
		5, 3,
		5, 4,
		5, 5,
		5, 6,
		5, 7,
		5, 8,
		5, 9,
		5, 10,
		6, 10,
		7, 10,
		8, 10,
		9, 10,
		10, 10,
		11, 10,
		12, 10
	]

StartingStructures	[ "Base" ]
StartingStrutPosX	[ 11 ]
StartingStrutPosY	[ 10 ]

Waves			[ "Spinner1", "Spinner2", "Spinner2", "Spinner2", "Spinner2" ]
